1
3.0775
3.7725
4.31161
4.65963
4.93949
5.23277
5.41771
5.63206
5.78521
5.8996
6.05398
6.15817
6.28404
6.3928
6.4854
6.56274
6.66774
6.75312
6.84513
6.92444
6.97736
7.02431
7.1081
7.15394
7.19713
7.25249
7.3133
7.35983
7.41527
7.4535
7.51629
7.5622
7.61261
7.63755
7.70282
7.74879
7.7902
7.81443
7.86365
7.90991
7.94398
7.98422
8.01286
8.05362
8.09473
8.12712
8.16413
8.16943
8.23464
8.22725
8.28617
8.30595
8.31213
8.3477
8.37189
8.38764
8.41789
8.42402
8.46865
8.50121
8.49412
8.52955
8.55389
8.56922
8.58415
8.61038
8.63311
8.6534
8.67197
8.69976
8.7192
8.75226
8.76637
8.79134
8.80194
8.83563
8.85937
8.87617
8.89984
8.90385
8.92794
8.93549
8.97619
8.9914
9.00658
9.01079
9.03548
9.04993
9.08645
9.09301
9.1139
9.13065
9.15378
9.1604
9.18788
9.20522
9.2063
9.24223
9.25083
9.2616
9.27828
9.30778
9.30955
9.32635
9.34624
9.34623
9.37492
9.39518
9.41193
9.42676
9.43227
9.44453
9.45022
9.45584
9.49038
9.49731
9.5053
9.5179
9.54373
9.53579
9.54694
9.54878
9.57223
9.5933
9.58962
9.6028
9.61713
9.62078
9.61876
9.63728
9.64919
9.64537
9.66746
9.6787
9.67936
9.6897
9.701
9.71508
9.71671
9.73642
9.75126
9.74992
9.74748
9.771
9.78183
9.77411
9.80279
9.80142
9.80565
9.83183
9.83836
9.84609
9.83785
9.86094
9.86986
9.88402
9.88732
9.90645
9.91721
9.91431
9.93476
9.94378
9.944
9.95897
9.97296
9.98086
9.98204
10.0004
9.99876
10.0079
10.0254
10.0325
10.0521
10.0573
10.0626
10.0782
10.0691
10.0869
10.0884
10.0997
10.1186
10.131
10.1319
10.1418
10.1413
10.1563
10.1639
10.182
10.195
10.1888
10.1878
10.2093
10.2195
10.2325
10.2315
10.2502
10.2507
10.2528
10.2674
10.2694
10.358
10.4386
10.5033
10.5808
10.6558
10.6969
10.7336
10.7997
10.8331
10.881
10.9293
10.9708
11.0043
11.0402
11.087
11.1305
11.1703
11.2106
11.2551
11.29
11.3252
11.3655
11.4088
11.4503
11.486
11.5129
11.541
11.5789
11.6232
11.6586
11.6961
11.7233
11.7451
11.788
11.7972
11.8281
11.8728
11.897
11.9199
11.9492
11.9693
11.988
12.0118
12.0182
12.0594
12.0698
12.0846
12.1107
12.1278
12.1384
12.1677
12.1889
12.1915
12.2157
12.2307
12.2443
12.2615
12.2854
12.3049
12.3119
12.336
12.3511
12.3742
12.3916
12.4111
12.4251
12.4458
12.4623
12.4789
12.5046
12.5162
12.533
12.5546
12.5726
12.582
12.602
12.624
12.6346
12.659
