0
0.108097
0.201349
0.207567
0.293258
0.24187
0.181723
0.241124
0.245004
0.299287
0.30216
0.255955
0.236809
0.184694
0.209895
0.232949
0.264844
0.244514
0.260564
0.28073
0.254295
0.304526
0.331617
0.268007
0.292387
0.303597
0.259829
0.241134
0.226493
0.229422
0.245169
0.198206
0.204753
0.205636
0.243003
0.205842
0.20917
0.202771
0.268144
0.24935
0.237843
0.256963
0.235808
0.273101
0.25994
0.239463
0.225852
0.257847
0.314867
0.243688
0.315582
0.238251
0.265137
0.334545
0.264287
0.285874
0.283585
0.284868
0.29184
0.231567
0.218858
0.253656
0.253596
0.21499
0.217747
0.215935
0.243194
0.21832
0.194101
0.188435
0.194519
0.193948
0.189538
0.196972
0.215541
0.203865
0.19606
0.194021
0.182218
0.187443
0.213709
0.21892
0.261051
0.186091
0.197741
0.197437
0.243143
0.239979
0.229558
0.215438
0.225713
0.227658
0.242147
0.185594
0.212906
0.212351
0.227488
0.244389
0.223603
0.221281
0.234358
0.231109
0.227269
0.259206
0.265213
0.249634
0.240129
0.238583
0.215104
0.223837
0.213023
0.219314
0.228935
0.228987
0.269268
0.229216
0.256557
0.198161
0.235585
0.196323
0.224218
0.216198
0.297455
0.197052
0.232961
0.238658
0.239034
0.203179
0.232235
0.243457
0.198043
0.239198
0.25851
0.179717
0.194874
0.249221
0.242245
0.205105
0.214159
0.240594
0.209338
0.186573
0.211534
0.202372
0.220115
0.215278
0.258331
0.173109
0.219212
0.218352
0.176683
0.169201
0.182094
0.256344
0.183745
0.196626
0.181819
0.196903
0.194399
0.15665
0.207221
0.156354
0.158058
0.19027
0.186388
0.200052
0.196051
0.177549
0.172322
0.203042
0.209205
0.161871
0.18817
0.143075
0.159308
0.189314
0.186704
0.196337
0.193467
0.221179
0.201685
0.184397
0.16767
0.181467
0.185139
0.190873
0.16528
0.192748
0.184414
0.163023
0.172641
0.230324
0.191599
0.18223
0.156659
0.178649
0.161836
0.185527
0.2016
0.183296
0.19336
0.202034
0.177577
0.188134
0.180818
0.177144
0.181339
0.263461
0.210776
0.256549
0.213644
0.172681
0.162332
0.190851
0.166814
0.158272
0.143168
0.145887
0.172252
0.164185
0.135108
0.163679
0.17093
0.136508
0.135049
0.146805
0.165997
0.214266
0.165441
0.162041
0.144594
0.124626
0.142864
0.194597
0.145229
0.231878
0.219366
0.188557
0.146794
0.18801
0.142938
0.138355
0.209322
0.197929
0.191032
0.169096
0.159105
0.176354
0.153923
0.165582
0.214241
0.142294
0.149975
0.136641
0.192891
0.136275
0.164484
0.186831
0.180948
0.193088
0.173238
0.158049
0.132041
0.125855
0.157427
0.12185
0.129369
0.117363
0.116082
0.134658
0.100734
0.125315
0.139874
0.117586
0.131194
0.168885
0.128428
0.117242
0.134564
0.119965
